Number-Keywords-Quantity-Percentage
# first keyboard line
1 123456789 261716 0.04071099418974364
2 123 239363 0.03723389361842457
3 12345678 223702 0.03479776101665175
4 987 106894 0.016627798884739396
5 123456 104899 0.01631746847540814
6 890 58719 0.00913398060427164
7 321 54487 0.008475675695855665
8 1234 40879 0.006358895640627742
9 789 29249 0.004549801575202936
10 456 23431 0.003644787880220862
11 1234567890 20131 0.003131459383582697
12 654 20103 0.003127103869065767
13 12345 18600 0.0028933060719605664
14 234 14091 0.0021919126806449647
15 345 13507 0.0021010690921489986
16 1234567 12174 0.0018937154903251579
17 432 11772 0.0018311827461892358
18 098 11407 0.001774405503379257
19 543 11276 0.0017540279176036207
20 876 11269 0.0017529390389743884
21 678 11075 0.0017227615455356598
22 567 10345 0.001609207059915702
23 765 9328 0.001451008550497213
24 987654321 7359 0.0011447225475031079
25 4321 6414 0.0009977239325567244
26 654321 4169 0.0006485050007528818
27 9876 3837 0.0005968610429092846
28 87654321 3538 0.000550350370032069
29 !@# 2834 0.0004408402907492605
30 6789 2463 0.0003831297233999395
31 7890 2349 0.0003653965571524393
32 3456 2306 0.0003587077312871541
33 54321 2295 0.0003569966362983602
34 5678 2255 0.00035077447270274607
35 2345 1872 0.0002911972562747409
36 8765 1785 0.0002776640504542802
37 456789 1760 0.00027377519820702135
38 4567 1446 0.0002249312139814505
39 6543 1320 0.000205331398655266
40 5432 1306 0.00020315364139680107
41 0987 1244 0.00019350928782359918
42 56789 1051 0.00016348734847476104
43 0987654321 983 0.00015290967036221703
44 7654 810 0.00012599881281118595
45 987654 721 0.00011215449881094453
46 !@#$ 651 0.00010126571251861983
47 45678 565 8.788806078804946e-05
48 23456 548 8.524364125991347e-05
49 7654321 532 8.275477582166781e-05
50 98765 456 7.093266499000099e-05
51 23456789 447 6.95326781809878e-05
52 67890 414 6.439939321460616e-05
53 @#$ 357 5.553281009085603e-05
54 34567 310 4.822176786600944e-05
55 345678 306 4.759955150644803e-05
56 98765432 290 4.511068606820238e-05
57 09876 285 4.4332915618750614e-05
58 !@#$% 262 4.0755171551272494e-05
59 !@#$%^&* 234 3.639965703434261e-05
60 3456789 229 3.5621886584890846e-05
61 567890 226 3.5155224315219785e-05
62 65432 209 3.251080478708378e-05
63 234567 203 3.1577480247741666e-05
64 ~!@ 190 2.9555277079167076e-05
65 !@#$%^ 182 2.8310844360044253e-05
66 4567890 181 2.81552902701539e-05
67 09876543 178 2.768862800048284e-05
68 2345678 177 2.7533073910592485e-05
69 87654 148 2.302200530377225e-05
70 `123 140 2.1777572584649425e-05
71 098765 134 2.0844248045307305e-05
72 #@! 123 1.913315305651342e-05
73 !@#$%^&*() 122 1.897759896662307e-05
74 $%^ 113 1.7577612157609893e-05
75 `12 100 1.5555408989035302e-05
76 76543 98 1.5244300809254598e-05
77 -09 81 1.2599881281118596e-05
78 34567890 81 1.2599881281118596e-05
79 9876543 78 1.2133219011447536e-05
80 876543 71 1.1044340382215066e-05
81 @#$% 67 1.0422124022653653e-05
82 !@#$%^&*( 65 1.0111015842872948e-05
83 `1234567 58 9.022137213640475e-06
84 1234567890-= 58 9.022137213640475e-06
85 ~!@# 55 8.555474943969417e-06
86 90- 54 8.399920854079064e-06
87 234567890 53 8.24436676418871e-06
88 &*( 48 7.4665963147369455e-06
89 *() 42 6.533271775394827e-06
90 (*& 41 6.377717685504475e-06
91 #$% 41 6.377717685504475e-06
92 `1234 41 6.377717685504475e-06
93 0-= 40 6.222163595614121e-06
94 21` 35 5.444393146162356e-06
95 %^&* 34 5.288839056272003e-06
96 $#@! 33 5.13328496638165e-06
97 1234567890- 33 5.13328496638165e-06
98 0987654 31 4.822176786600944e-06
99 765432 31 4.822176786600944e-06
100 90-= 31 4.822176786600944e-06
101 ~!@#$%^& 30 4.666622696710591e-06
102 8765432 29 4.511068606820238e-06
103 !@#$%^& 24 3.7332981573684728e-06
104 %^& 24 3.7332981573684728e-06
105 `123456 23 3.57774406747812e-06
106 )(* 22 3.4221899775877667e-06
107 `1234567890-= 21 3.2666358876974135e-06
108 %$#@! 20 3.1110817978070607e-06
109 $#@ 20 3.1110817978070607e-06
110 &*() 20 3.1110817978070607e-06
111 ^&* 20 3.1110817978070607e-06
112 098765432 20 3.1110817978070607e-06
113 =-09 20 3.1110817978070607e-06
114 `12345678 19 2.9555277079167075e-06
115 `1234567890 18 2.7999736180263547e-06
116 ^&*() 16 2.4888654382456487e-06
117 @!~ 15 2.3333113483552954e-06
118 ~!@#$% 15 2.3333113483552954e-06
119 =-0 14 2.1777572584649426e-06
120 321` 14 2.1777572584649426e-06
121 ~!@#$ 13 2.0222031685745894e-06
122 *&^ 12 1.8666490786842364e-06
123 )(*&^%$#@! 11 1.7110949887938834e-06
124 *&^%$#@! 11 1.7110949887938834e-06
125 ^%$ 11 1.7110949887938834e-06
126 )(*& 10 1.5555408989035304e-06
127 ~!@#$%^&*() 10 1.5555408989035304e-06
128 -098 10 1.5555408989035304e-06
129 =-098765 10 1.5555408989035304e-06
130 %$# 9 1.3999868090131773e-06
131 @#$%^&* 9 1.3999868090131773e-06
132 @#$%^ 9 1.3999868090131773e-06
133 `123456789 9 1.3999868090131773e-06
134 890- 9 1.3999868090131773e-06
135 &^% 8 1.2444327191228243e-06
136 %$#@ 8 1.2444327191228243e-06
137 ()_+ 8 1.2444327191228243e-06
138 )(*&^ 7 1.0888786292324713e-06
139 ^%$#@! 7 1.0888786292324713e-06
140 #$%^ 7 1.0888786292324713e-06
141 !@#$%^&*()_+ 7 1.0888786292324713e-06
142 =-098 7 1.0888786292324713e-06
143 +_)(*&^% 5 7.777704494517652e-07
144 ^&*( 5 7.777704494517652e-07
145 0987654321` 5 7.777704494517652e-07
146 87654321` 5 7.777704494517652e-07
147 `12345 5 7.777704494517652e-07
148 67890-= 5 7.777704494517652e-07
149 567890-= 5 7.777704494517652e-07
150 *&^%$#@ 4 6.222163595614122e-07
151 +_) 4 6.222163595614122e-07
152 $%^&*( 4 6.222163595614122e-07
153 ~!@#$%^&*()_+ 4 6.222163595614122e-07
154 @#$%^& 4 6.222163595614122e-07
155 *()_ 4 6.222163595614122e-07
156 ~!@#$%^&* 4 6.222163595614122e-07
157 =-0987 4 6.222163595614122e-07
158 7654321` 4 6.222163595614122e-07
159 _)( 3 4.666622696710591e-07
160 (*&^%$ 3 4.666622696710591e-07
161 (*&^%$#@! 3 4.666622696710591e-07
162 &^%$ 3 4.666622696710591e-07
163 )(*&^% 3 4.666622696710591e-07
164 +_)( 3 4.666622696710591e-07
165 *&^% 3 4.666622696710591e-07
166 &^%$#@! 3 4.666622696710591e-07
167 *()_+ 3 4.666622696710591e-07
168 )_+ 3 4.666622696710591e-07
169 4321` 3 4.666622696710591e-07
170 =-0987654321` 3 4.666622696710591e-07
171 654321` 3 4.666622696710591e-07
172 4567890- 3 4.666622696710591e-07
173 890-= 3 4.666622696710591e-07
174 %$#@!~ 2 3.111081797807061e-07
175 ()_ 2 3.111081797807061e-07
176 %^&*( 2 3.111081797807061e-07
177 @#$%^&*() 2 3.111081797807061e-07
178 ~!@#$%^&*( 2 3.111081797807061e-07
179 !@#$%^&*()_ 2 3.111081797807061e-07
180 -09876 2 3.111081797807061e-07
181 -0987 2 3.111081797807061e-07
182 =-09876 2 3.111081797807061e-07
183 `1234567890- 2 3.111081797807061e-07
184 (*&^% 1 1.5555408989035304e-07
185 )(*&^%$#@ 1 1.5555408989035304e-07
186 ^%$# 1 1.5555408989035304e-07
187 +_)(*&^%$#@!~ 1 1.5555408989035304e-07
188 #@!~ 1 1.5555408989035304e-07
189 )(*&^%$#@!~ 1 1.5555408989035304e-07
190 +_)(*&^%$#@! 1 1.5555408989035304e-07
191 $%^& 1 1.5555408989035304e-07
192 %^&*() 1 1.5555408989035304e-07
193 ~!@#$%^ 1 1.5555408989035304e-07
194 @#$%^&*( 1 1.5555408989035304e-07
195 #$%^&* 1 1.5555408989035304e-07
196 =-09876543 1 1.5555408989035304e-07
197 =-0987654 1 1.5555408989035304e-07
198 =-0987654321 1 1.5555408989035304e-07
199 67890- 1 1.5555408989035304e-07
200 34567890-= 1 1.5555408989035304e-07
201 7890-= 1 1.5555408989035304e-07
202 7890- 1 1.5555408989035304e-07

# second keyboard line
1 qwe 14940 0.0023239781029618743
2 qwer 6685 0.00103987909091701
3 iuy 5477 0.0008519697503294635
4 qwertyuiop 3509 0.0005458393014252488
5 wer 2488 0.00038701857564719835
6 qwertyui 2045 0.00031810811382577194
7 qwert 1808 0.0002812417945217583
8 ert 1611 0.00025059763881335874
9 qwerty 1180 0.00018355382607061657
10 QWE 1032 0.00016053182076684433
11 tre 1018 0.0001583540635083794
12 poi 784 0.00012195440647403678
13 ewq 545 8.47769789902424e-05
14 rew 541 8.415476263068099e-05
15 iop 458 7.124377316978169e-05
16 QWER 437 6.797713728208428e-05
17 QWERTYUIOP 397 6.175497368647015e-05
18 uio 330 5.13328496638165e-05
19 IUY 301 4.6821781056996265e-05
20 rty 285 4.4332915618750614e-05
21 tyu 254 3.951073883214967e-05
22 yui 244 3.795519793324614e-05
23 poiu 223 3.4688562045548724e-05
24 rewq 215 3.3444129326425905e-05
25 qwertyuio 198 3.07997097982899e-05
26 poiuytrewq 174 2.7066411640921427e-05
27 erty 166 2.5821978921798605e-05
28 uiop 161 2.5044208472346837e-05
29 QWERT 160 2.4888654382456486e-05
30 ytr 154 2.3955329843114366e-05
31 wert 153 2.3799775753224015e-05
32 QWERTYUI 148 2.302200530377225e-05
33 WER 123 1.913315305651342e-05
34 qwertyu 112 1.742205806771954e-05
35 QWERTY 94 1.4622084449693185e-05
36 yuiop 87 1.3533205820460714e-05
37 poiuy 81 1.2599881281118596e-05
38 uyt 74 1.1511002651886125e-05
39 ERT 66 1.02665699327633e-05
40 oiu 65 1.0111015842872948e-05
41 poiuytre 62 9.644353573201888e-06
42 trewq 56 8.71102903385977e-06
43 EWQ 53 8.24436676418871e-06
44 qwertyuiop[] 45 6.999934045065887e-06
45 tyui 40 6.222163595614121e-06
46 werty 39 6.066609505723768e-06
47 TRE 35 5.444393146162356e-06
48 []\ 35 5.444393146162356e-06
49 rtyu 35 5.444393146162356e-06
50 ytre 31 4.822176786600944e-06
51 yuio 31 4.822176786600944e-06
52 POI 30 4.666622696710591e-06
53 IOP 30 4.666622696710591e-06
54 poiuyt 27 4.199960427039532e-06
55 ytrewq 25 3.8888522472588256e-06
56 UIO 24 3.7332981573684728e-06
57 p[] 24 3.7332981573684728e-06
58 REWQ 22 3.4221899775877667e-06
59 POIU 21 3.2666358876974135e-06
60 REW 21 3.2666358876974135e-06
61 POIUYTREWQ 20 3.1110817978070607e-06
62 op[] 20 3.1110817978070607e-06
63 qwertyuiop[]\ 20 3.1110817978070607e-06
64 ertyuio 17 2.6444195281360015e-06
65 ertyu 17 2.6444195281360015e-06
66 QWERTYUIO 15 2.3333113483552954e-06
67 iuyt 15 2.3333113483552954e-06
68 trew 15 2.3333113483552954e-06
69 RTY 14 2.1777572584649426e-06
70 WERT 13 2.0222031685745894e-06
71 wertyuiop 13 2.0222031685745894e-06
72 ertyuiop 13 2.0222031685745894e-06
73 ertyui 13 2.0222031685745894e-06
74 YUI 12 1.8666490786842364e-06
75 TYU 12 1.8666490786842364e-06
76 ][po 12 1.8666490786842364e-06
77 QWERTYU 11 1.7110949887938834e-06
78 tyuiop 11 1.7110949887938834e-06
79 UIOP 10 1.5555408989035304e-06
80 uytr 10 1.5555408989035304e-06
81 TREWQ 9 1.3999868090131773e-06
82 POIUY 9 1.3999868090131773e-06
83 poiuytrew 9 1.3999868090131773e-06
84 \][ 8 1.2444327191228243e-06
85 iuytrewq 8 1.2444327191228243e-06
86 wertyu 8 1.2444327191228243e-06
87 wertyuio 8 1.2444327191228243e-06
88 OIU 7 1.0888786292324713e-06
89 oiuy 7 1.0888786292324713e-06
90 wertyui 7 1.0888786292324713e-06
91 rtyui 7 1.0888786292324713e-06
92 YTR 6 9.333245393421182e-07
93 YUIOP 6 9.333245393421182e-07
94 poiuytr 6 9.333245393421182e-07
95 POIUYTRE 5 7.777704494517652e-07
96 oiuytrewq 5 7.777704494517652e-07
97 uytrewq 5 7.777704494517652e-07
98 rtyuio 5 7.777704494517652e-07
99 iop[] 5 7.777704494517652e-07
100 op[ 5 7.777704494517652e-07
101 ERTY 4 6.222163595614122e-07
102 yuiop[]\ 4 6.222163595614122e-07
103 WERTYUIOP 3 4.666622696710591e-07
104 IOP{ 3 4.666622696710591e-07
105 ][p 3 4.666622696710591e-07
106 uytre 3 4.666622696710591e-07
107 ][poiu 3 4.666622696710591e-07
108 tyuio 3 4.666622696710591e-07
109 tyuiop[] 3 4.666622696710591e-07
110 qwertyuiop[ 3 4.666622696710591e-07
111 op[]\ 3 4.666622696710591e-07
112 p[]\ 3 4.666622696710591e-07
113 iop[ 3 4.666622696710591e-07
114 UYT 2 3.111081797807061e-07
115 RTYU 2 3.111081797807061e-07
116 RTYUIOP 2 3.111081797807061e-07
117 OP{} 2 3.111081797807061e-07
118 ERTYU 2 3.111081797807061e-07
119 WERTY 2 3.111081797807061e-07
120 ][poi 2 3.111081797807061e-07
121 \][poiuytrewq 2 3.111081797807061e-07
122 [po 2 3.111081797807061e-07
123 uiop[] 2 3.111081797807061e-07
124 rtyuiop 2 3.111081797807061e-07
125 }{P 1 1.5555408989035304e-07
126 TREW 1 1.5555408989035304e-07
127 POIUYTREW 1 1.5555408989035304e-07
128 IUYT 1 1.5555408989035304e-07
129 IUYTREWQ 1 1.5555408989035304e-07
130 YUIO 1 1.5555408989035304e-07
131 TYUIO 1 1.5555408989035304e-07
132 TYUI 1 1.5555408989035304e-07
133 {}| 1 1.5555408989035304e-07
134 QWERTYUIOP{} 1 1.5555408989035304e-07
135 TYUIOP 1 1.5555408989035304e-07
136 iuytr 1 1.5555408989035304e-07
137 iuytrew 1 1.5555408989035304e-07
138 ][poiuytrewq 1 1.5555408989035304e-07
139 oiuytrew 1 1.5555408989035304e-07
140 \][poiu 1 1.5555408989035304e-07
141 ytrew 1 1.5555408989035304e-07
142 oiuyt 1 1.5555408989035304e-07
143 \][po 1 1.5555408989035304e-07
144 \][p 1 1.5555408989035304e-07
145 yuiop[] 1 1.5555408989035304e-07

# third keyboard line
1 asd 22917 0.0035648330780172206
2 asdf 9288 0.001444786386901599
3 asdfghjkl 3238 0.0005036841430649631
4 ASD 1568 0.00024390881294807356
5 jkl 1433 0.0002229090108128759
6 fgh 1301 0.0002023758709473493
7 dsa 1210 0.00018822044876732718
8 sdf 1197 0.0001861982455987526
9 asdfg 1189 0.00018495381287962975
10 asdfghjk 1091 0.00016970951207037515
11 fdsa 670 0.00010422124022653653
12 asdfgh 594 9.23991293948697e-05
13 ASDF 586 9.115469667574688e-05
14 lkj 578 8.991026395662405e-05
15 ghj 532 8.275477582166781e-05
16 fds 517 8.042146447331252e-05
17 dfg 501 7.793259903506687e-05
18 hjk 363 5.646613463019815e-05
19 ASDFGHJKL 296 4.60440106075445e-05
20 gfd 246 3.826630611302684e-05
21 hjkl 228 3.5466332495000495e-05
22 hgf 220 3.422189977587767e-05
23 jhg 185 2.877750662971531e-05
24 kjh 182 2.8310844360044253e-05
25 lkjhgfdsa 146 2.2710897123991544e-05
26 JKL 143 2.2244234854320483e-05
27 sdfg 127 1.9755369416074834e-05
28 lkjh 99 1.539985489914495e-05
29 gfdsa 99 1.539985489914495e-05
30 FGH 97 1.5088746719364244e-05
31 ASDFGHJK 86 1.337765173057036e-05
32 ASDFG 85 1.3222097640680007e-05
33 asdfghj 84 1.3066543550789654e-05
34 fghj 83 1.2910989460899303e-05
35 asdfghjkl;' 80 1.2444327191228243e-05
36 DSA 74 1.1511002651886125e-05
37 jkl; 71 1.1044340382215066e-05
38 dfgh 65 1.0111015842872948e-05
39 SDF 55 8.555474943969417e-06
40 asdfghjkl; 54 8.399920854079064e-06
41 LKJ 47 7.311042224846592e-06
42 ghjk 46 7.15548813495624e-06
43 FDSA 43 6.68882586528518e-06
44 ;lkj 43 6.68882586528518e-06
45 ghjkl 42 6.533271775394827e-06
46 GHJ 40 6.222163595614121e-06
47 ASDFGH 36 5.599947236052709e-06
48 DFG 27 4.199960427039532e-06
49 jhgf 27 4.199960427039532e-06
50 sdfghjkl 27 4.199960427039532e-06
51 gfds 26 4.044406337149179e-06
52 l;' 23 3.57774406747812e-06
53 HJKL 22 3.4221899775877667e-06
54 fghjkl 21 3.2666358876974135e-06
55 HJK 20 3.1110817978070607e-06
56 sdfgh 20 3.1110817978070607e-06
57 FDS 18 2.7999736180263547e-06
58 hgfd 18 2.7999736180263547e-06
59 JHG 17 2.6444195281360015e-06
60 lkjhgfds 16 2.4888654382456487e-06
61 HGF 15 2.3333113483552954e-06
62 hgfdsa 15 2.3333113483552954e-06
63 kjhg 15 2.3333113483552954e-06
64 GFDSA 14 2.1777572584649426e-06
65 lkjhg 14 2.1777572584649426e-06
66 kl; 12 1.8666490786842364e-06
67 KJH 10 1.5555408989035304e-06
68 LKJHGFDSA 10 1.5555408989035304e-06
69 lkjhgf 10 1.5555408989035304e-06
70 sdfghj 10 1.5555408989035304e-06
71 jkl;' 10 1.5555408989035304e-06
72 fghjk 9 1.3999868090131773e-06
73 hjkl; 8 1.2444327191228243e-06
74 dfghjk 8 1.2444327191228243e-06
75 dfghj 8 1.2444327191228243e-06
76 GFD 7 1.0888786292324713e-06
77 dfghjkl 7 1.0888786292324713e-06
78 FGHJ 6 9.333245393421182e-07
79 ASDFGHJ 6 9.333245393421182e-07
80 kl;' 6 9.333245393421182e-07
81 sdfghjk 6 9.333245393421182e-07
82 GHJKL 5 7.777704494517652e-07
83 SDFG 5 7.777704494517652e-07
84 GHJK 5 7.777704494517652e-07
85 kjhgfdsa 5 7.777704494517652e-07
86 ';lk 5 7.777704494517652e-07
87 lkjhgfd 5 7.777704494517652e-07
88 LKJH 4 6.222163595614122e-07
89 LKJHG 4 6.222163595614122e-07
90 JKL: 4 6.222163595614122e-07
91 fghjkl;' 4 6.222163595614122e-07
92 FGHJK 3 4.666622696710591e-07
93 DFGH 3 4.666622696710591e-07
94 L:" 3 4.666622696710591e-07
95 ';lkjhgfdsa 3 4.666622696710591e-07
96 jhgfdsa 3 4.666622696710591e-07
97 hjkl;' 3 4.666622696710591e-07
98 KJHG 2 3.111081797807061e-07
99 LKJHGFDS 2 3.111081797807061e-07
100 JHGF 2 3.111081797807061e-07
101 HGFDSA 2 3.111081797807061e-07
102 FGHJKL 2 3.111081797807061e-07
103 ;lk 2 3.111081797807061e-07
104 jhgfd 2 3.111081797807061e-07
105 ';lkjh 2 3.111081797807061e-07
106 hgfds 2 3.111081797807061e-07
107 kjhgf 2 3.111081797807061e-07
108 sdfghjkl;' 2 3.111081797807061e-07
109 KJHGF 1 1.5555408989035304e-07
110 ":L 1 1.5555408989035304e-07
111 :LKJ 1 1.5555408989035304e-07
112 SDFGHJKL 1 1.5555408989035304e-07
113 SDFGHJK 1 1.5555408989035304e-07
114 ASDFGHJKL:" 1 1.5555408989035304e-07
115 KL: 1 1.5555408989035304e-07
116 SDFGH 1 1.5555408989035304e-07
117 DFGHJK 1 1.5555408989035304e-07
118 ';l 1 1.5555408989035304e-07
119 kjhgfds 1 1.5555408989035304e-07
120 ;lkjhgfd 1 1.5555408989035304e-07
121 ';lkj 1 1.5555408989035304e-07
122 ;lkjh 1 1.5555408989035304e-07
123 ';lkjhgf 1 1.5555408989035304e-07
124 ghjkl; 1 1.5555408989035304e-07

# fourth keyboard line
1 zxc 8453 0.0013148987218431542
2 zxcvbnm 3658 0.0005690168608189114
3 zxcv 1620 0.0002519976256223719
4 cxz 708 0.00011013229564236994
5 ZXC 629 9.784352254103206e-05
6 zxcvb 451 7.015489454054921e-05
7 bnm 431 6.704381274274215e-05
8 mnbvcxz 375 5.833278370888239e-05
9 zxcvbn 365 5.677724280997886e-05
10 mnb 363 5.646613463019815e-05
11 ZXCVBNM 353 5.491059373129462e-05
12 ,./ 185 2.877750662971531e-05
13 cvb 179 2.7844182090373192e-05
14 <>? 126 1.9599815326184483e-05
15 xcv 118 1.8355382607061657e-05
16 mnbv 117 1.8199828517171305e-05
17 ZXCV 114 1.7733166247500247e-05
18 vbn 101 1.5710963078925657e-05
19 vbnm 85 1.3222097640680007e-05
20 zxcvbnm, 80 1.2444327191228243e-05
21 vcxz 79 1.228877310133789e-05
22 bvc 71 1.1044340382215066e-05
23 zxcvbnm,./ 65 1.0111015842872948e-05
24 vcx 50 7.777704494517651e-06
25 MNBVCXZ 42 6.533271775394827e-06
26 CXZ 41 6.377717685504475e-06
27 ?>< 39 6.066609505723768e-06
28 cvbnm 36 5.599947236052709e-06
29 nbv 34 5.288839056272003e-06
30 MNB 33 5.13328496638165e-06
31 mnbvc 33 5.13328496638165e-06
32 BNM 32 4.977730876491297e-06
33 cvbn 31 4.822176786600944e-06
34 xcvb 29 4.511068606820238e-06
35 xcvbnm 24 3.7332981573684728e-06
36 ZXCVBN 23 3.57774406747812e-06
37 ZXCVB 23 3.57774406747812e-06
38 /., 20 3.1110817978070607e-06
39 bvcxz 16 2.4888654382456487e-06
40 mnbvcx 15 2.3333113483552954e-06
41 m,./ 14 2.1777572584649426e-06
42 zxcvbnm,. 14 2.1777572584649426e-06
43 CVB 13 2.0222031685745894e-06
44 xcvbn 13 2.0222031685745894e-06
45 VBNM 10 1.5555408989035304e-06
46 VBN 10 1.5555408989035304e-06
47 nbvcxz 10 1.5555408989035304e-06
48 M<>? 9 1.3999868090131773e-06
49 /.,m 9 1.3999868090131773e-06
50 VCXZ 8 1.2444327191228243e-06
51 XCV 8 1.2444327191228243e-06
52 nbvcx 7 1.0888786292324713e-06
53 bvcx 6 9.333245393421182e-07
54 XCVBNM 5 7.777704494517652e-07
55 nbvc 5 7.777704494517652e-07
56 MNBV 4 6.222163595614122e-07
57 BVCXZ 4 6.222163595614122e-07
58 MNBVC 4 6.222163595614122e-07
59 /.,mnb 4 6.222163595614122e-07
60 /.,mnbvcxz 4 6.222163595614122e-07
61 bnm,./ 4 6.222163595614122e-07
62 CVBNM 3 4.666622696710591e-07
63 /.,mn 3 4.666622696710591e-07
64 .,mnbvcxz 3 4.666622696710591e-07
65 nm,. 3 4.666622696710591e-07
66 m,. 3 4.666622696710591e-07
67 ?><MNBVC 2 3.111081797807061e-07
68 BNM< 2 3.111081797807061e-07
69 CVBN 2 3.111081797807061e-07
70 ZXCVBNM<>? 2 3.111081797807061e-07
71 ,mn 2 3.111081797807061e-07
72 bnm, 2 3.111081797807061e-07
73 ?><MNB 1 1.5555408989035304e-07
74 VCX 1 1.5555408989035304e-07
75 NBV 1 1.5555408989035304e-07
76 BVC 1 1.5555408989035304e-07
77 ?><M 1 1.5555408989035304e-07
78 ?><MNBVCXZ 1 1.5555408989035304e-07
79 XCVB 1 1.5555408989035304e-07
80 M<> 1 1.5555408989035304e-07
81 NM<> 1 1.5555408989035304e-07
82 /.,mnbvc 1 1.5555408989035304e-07
83 .,m 1 1.5555408989035304e-07
84 nm,./ 1 1.5555408989035304e-07
85 xcvbnm,./ 1 1.5555408989035304e-07

# left little finger
1 qaz 13100 0.0020377585775636247
2 1qaz 6755 0.0010507678772093347
3 QAZ 1594 0.0002479532192852227
4 zaq 1299 0.0002020647627675686
5 zaq1 1265 0.00019677592371129658
6 aq1 393 6.113275732690874e-05
7 1qa 350 5.4443931461623565e-05
8 !QAZ 268 4.168849609061461e-05
9 ZAQ 157 2.4421992112785428e-05
10 ZAQ! 45 6.999934045065887e-06
11 `1q 43 6.68882586528518e-06
12 `1qaz 27 4.199960427039532e-06
13 !QA 7 1.0888786292324713e-06
14 `1qa 3 4.666622696710591e-07
15 AQ! 2 3.111081797807061e-07
16 ~!QAZ 1 1.5555408989035304e-07
17 q1` 1 1.5555408989035304e-07

# left ring finger
1 wsx 6802 0.0010580789194341814
2 2wsx 5026 0.0007818148557889144
3 xsw2 1432 0.00022275345672298554
4 xsw 1286 0.000200042559598994
5 WSX 851 0.00013237653049669043
6 2ws 435 6.766602910230357e-05
7 sw2 338 5.2577282382939326e-05
8 @WSX 271 4.215515836028567e-05
9 XSW 206 3.204414251741273e-05
10 XSW@ 47 7.311042224846592e-06
11 @WS 16 2.4888654382456487e-06
12 SW@ 2 3.111081797807061e-07

# left middle finger
1 cde 4551 0.0007079266630909966
2 edc 3819 0.0005940610692912583
3 3edc 611 9.50435489230057e-05
4 EDC 414 6.439939321460616e-05
5 CDE 378 5.879944597855345e-05
6 de3 312 4.8532876045790146e-05
7 3ed 277 4.308848289962779e-05
8 cde3 161 2.5044208472346837e-05
9 #EDC 25 3.8888522472588256e-06
10 #ED 5 7.777704494517652e-07
11 CDE# 4 6.222163595614122e-07
12 DE# 1 1.5555408989035304e-07

# left index finger
1 rfv 312 4.8532876045790146e-05
2 tgb 245 3.811075202313649e-05
3 4rfv 195 3.033304752861884e-05
4 5tgb 109 1.695539579804848e-05
5 vfr 98 1.5244300809254598e-05
6 bgt 87 1.3533205820460714e-05
7 gt5 76 1.182211083166683e-05
8 RFV 61 9.488799483311535e-06
9 vfr4 48 7.4665963147369455e-06
10 5tg 39 6.066609505723768e-06
11 bgt5 37 5.755501325943063e-06
12 4rf 34 5.288839056272003e-06
13 fr4 31 4.822176786600944e-06
14 TGB 25 3.8888522472588256e-06
15 $RFV 17 2.6444195281360015e-06
16 4rfv5tgb 16 2.4888654382456487e-06
17 VFR 15 2.3333113483552954e-06
18 VFR$ 13 2.0222031685745894e-06
19 %TGB 10 1.5555408989035304e-06
20 BGT 8 1.2444327191228243e-06
21 v5t 8 1.2444327191228243e-06
22 t5v 7 1.0888786292324713e-06
23 fv5 6 9.333245393421182e-07
24 $RF 5 7.777704494517652e-07
25 rfv5 4 6.222163595614122e-07
26 5vf 2 3.111081797807061e-07
27 GT% 1 1.5555408989035304e-07
28 $RFV%TGB 1 1.5555408989035304e-07
29 bgt5v 1 1.5555408989035304e-07
30 4rfv5t 1 1.5555408989035304e-07
31 v5tgb 1 1.5555408989035304e-07

# right index finger
1 hy6 506 7.871036948451863e-05
2 nhy 318 4.946620058513226e-05
3 yhn 263 4.0910725641162846e-05
4 6yh 135 2.099980213519766e-05
5 ujm 126 1.9599815326184483e-05
6 6yhn 116 1.804427442728095e-05
7 mju 102 1.586651716881601e-05
8 hn7 99 1.539985489914495e-05
9 ju7 79 1.228877310133789e-05
10 7ujm 66 1.02665699327633e-05
11 7uj 36 5.599947236052709e-06
12 YHN 33 5.13328496638165e-06
13 mju7 29 4.511068606820238e-06
14 nhy6 27 4.199960427039532e-06
15 NHY 22 3.4221899775877667e-06
16 6yhn7ujm 19 2.9555277079167075e-06
17 UJM 16 2.4888654382456487e-06
18 u7n 14 2.1777572584649426e-06
19 &UJM 13 2.0222031685745894e-06
20 yhn7 11 1.7110949887938834e-06
21 MJU 10 1.5555408989035304e-06
22 7nh 10 1.5555408989035304e-06
23 n7u 10 1.5555408989035304e-06
24 ^YHN 7 1.0888786292324713e-06
25 MJU& 3 4.666622696710591e-07
26 6yhn7 3 4.666622696710591e-07
27 MJU&NHY^ 2 3.111081797807061e-07
28 &UJ 2 3.111081797807061e-07
29 mju7nhy6 2 3.111081797807061e-07
30 7nhy 1 1.5555408989035304e-07
31 6yhn7u 1 1.5555408989035304e-07
32 hn7ujm 1 1.5555408989035304e-07
33 6yhn7uj 1 1.5555408989035304e-07

# right middle finger
1 ki8 150 2.3333113483552953e-05
2 8ik 55 8.555474943969417e-06
3 8ik, 16 2.4888654382456487e-06
4 ik, 9 1.3999868090131773e-06
5 *IK< 6 9.333245393421182e-07
6 *IK 4 6.222163595614122e-07
7 ,ki 4 6.222163595614122e-07
8 KI* 1 1.5555408989035304e-07
9 ,ki8 1 1.5555408989035304e-07

# right ring finger
1 .lo 160 2.4888654382456486e-05
2 lo9 120 1.8666490786842363e-05
3 9ol. 57 8.866583123750124e-06
4 9ol 45 6.999934045065887e-06
5 ol. 35 5.444393146162356e-06
6 .lo9 10 1.5555408989035304e-06
7 (OL> 8 1.2444327191228243e-06
8 >LO( 2 3.111081797807061e-07
9 (OL 2 3.111081797807061e-07

# right little finger
1 0p;/ 55 8.555474943969417e-06
2 p;/ 9 1.3999868090131773e-06
3 )P:? 6 9.333245393421182e-07
4 /;p0 5 7.777704494517652e-07
5 ;p0 3 4.666622696710591e-07
6 ?:P) 2 3.111081797807061e-07
7 \]= 2 3.111081797807061e-07
8 =]\ 2 3.111081797807061e-07
9 0p; 2 3.111081797807061e-07
10 +}| 1 1.5555408989035304e-07
11 )P: 1 1.5555408989035304e-07
12 P:? 1 1.5555408989035304e-07
13 _{" 1 1.5555408989035304e-07
14 \]='[- 1 1.5555408989035304e-07
15 '[- 1 1.5555408989035304e-07
16 [-/ 1 1.5555408989035304e-07
17 0p;/-['=]\ 1 1.5555408989035304e-07
18 0p;/-[' 1 1.5555408989035304e-07
19 -[' 1 1.5555408989035304e-07

# little keyboard
1 520 115105 0.017905053516829087
2 852 39717 0.006178141788175152
3 258 38579 0.00600112123387993
4 369 35527 0.005526370151534572
5 410 33285 0.0051776178820004005
6 147 30097 0.004681711443429955
7 963 24604 0.003827252827662246
8 025 22654 0.0035239223523760577
9 741 21575 0.003356079489384367
10 014 19098 0.0029707720087259622
11 8520 6797 0.0010573011489847296
12 7410 4097 0.0006373051062807764
13 0258 2224 0.00034595229591614517
14 63. 2016 0.0003135970452189517
15 0147 1919 0.00029850829849958747
16 963. 567 8.819916896783017e-05
17 .36 93 1.4466530359802831e-05
18 .369 85 1.3222097640680007e-05

# 26 English characters
1 abc 26222 0.004078939345104837
2 abcd 9304 0.0014472752523398446
3 fgh 5901 0.0009179246844429733
4 gfe 5880 0.0009146580485552758
5 edc 4376 0.0006807046973601849
6 hij 3465 0.0005389949214700733
7 xyz 2738 0.0004259070981197866
8 ABC 2410 0.0003748853566357508
9 jkl 2227 0.0003464189581858162
10 abcde 1394 0.00021684240130715214
11 stu 1322 0.00020564250683504672
12 wxy 1188 0.0001847982587897394
13 zyx 972 0.00015119857537342315
14 lkj 898 0.00013968757272153702
15 rst 878 0.00013657649092372996
16 cde 876 0.00013626538274394927
17 abcdefg 834 0.00012973211096855444
18 ABCD 817 0.00012708769144041841
19 jih 709 0.0001102878497322603
20 abcdef 703 0.00010935452519291818
21 def 667 0.00010375457795686547
22 cba 628 9.768796845114171e-05
23 abcdefgh 565 8.788806078804946e-05
24 FGH 477 7.419930087769839e-05
25 EDC 435 6.766602910230357e-05
26 pon 393 6.113275732690874e-05
27 onm 352 5.475503964140427e-05
28 yxw 350 5.4443931461623565e-05
29 GFE 330 5.13328496638165e-05
30 bcd 303 4.713288923677697e-05
31 nop 297 4.619956469743485e-05
32 hgf 286 4.4488469708640965e-05
33 ghi 281 4.37106992591892e-05
34 uts 231 3.593299476467155e-05
35 opq 226 3.5155224315219785e-05
36 klm 215 3.3444129326425905e-05
37 XYZ 186 2.8933060719605663e-05
38 kji 185 2.877750662971531e-05
39 JKL 183 2.8466398449934605e-05
40 HIJ 177 2.7533073910592485e-05
41 lmn 175 2.7221965730811782e-05
42 nml 174 2.7066411640921427e-05
43 dcba 137 2.1310910314978367e-05
44 fed 131 2.0377585775636247e-05
45 efg 131 2.0377585775636247e-05
46 ijk 127 1.9755369416074834e-05
47 mno 123 1.913315305651342e-05
48 ihg 122 1.897759896662307e-05
49 ABCDE 121 1.882204487673272e-05
50 dcb 115 1.78887203373906e-05
51 WXY 111 1.7266503977829186e-05
52 mlk 91 1.4155422180022127e-05
53 ABCDEFG 82 1.275543537100895e-05
54 wxyz 78 1.2133219011447536e-05
55 ZYX 75 1.1666556741776477e-05
56 qrs 72 1.1199894472105419e-05
57 LKJ 65 1.0111015842872948e-05
58 srq 62 9.644353573201888e-06
59 tsr 62 9.644353573201888e-06
60 cdefg 57 8.866583123750124e-06
61 ABCDEF 55 8.555474943969417e-06
62 CDE 53 8.24436676418871e-06
63 qpo 53 8.24436676418871e-06
64 abcdefghi 51 7.933258584408004e-06
65 CBA 47 7.311042224846592e-06
66 abcdefghijk 46 7.15548813495624e-06
67 STU 45 6.999934045065887e-06
68 jklm 44 6.8443799551755335e-06
69 abcdefghijklmn 40 6.222163595614121e-06
70 DEF 39 6.066609505723768e-06
71 efgh 39 6.066609505723768e-06
72 RST 38 5.911055415833415e-06
73 ABCDEFGH 37 5.755501325943063e-06
74 bcde 37 5.755501325943063e-06
75 JIH 35 5.444393146162356e-06
76 abcdefghij 33 5.13328496638165e-06
77 YXW 31 4.822176786600944e-06
78 defg 30 4.666622696710591e-06
79 ijkl 30 4.666622696710591e-06
80 tuv 28 4.355514516929885e-06
81 hijk 26 4.044406337149179e-06
82 pqr 25 3.8888522472588256e-06
83 jklmn 23 3.57774406747812e-06
84 cdef 22 3.4221899775877667e-06
85 HGF 21 3.2666358876974135e-06
86 vwx 21 3.2666358876974135e-06
87 hijklmn 21 3.2666358876974135e-06
88 klmn 21 3.2666358876974135e-06
89 BCD 20 3.1110817978070607e-06
90 edcba 20 3.1110817978070607e-06
91 uvw 19 2.9555277079167075e-06
92 zyxw 18 2.7999736180263547e-06
93 GHI 17 2.6444195281360015e-06
94 KLM 17 2.6444195281360015e-06
95 fedcba 17 2.6444195281360015e-06
96 rstu 17 2.6444195281360015e-06
97 vut 16 2.4888654382456487e-06
98 NOP 15 2.3333113483552954e-06
99 OPQ 14 2.1777572584649426e-06
100 NML 13 2.0222031685745894e-06
101 EFG 13 2.0222031685745894e-06
102 nmlkj 13 2.0222031685745894e-06
103 rqp 13 2.0222031685745894e-06
104 abcdefghijkl 13 2.0222031685745894e-06
105 bcdefg 13 2.0222031685745894e-06
106 PON 12 1.8666490786842364e-06
107 klmnopq 12 1.8666490786842364e-06
108 opqrst 11 1.7110949887938834e-06
109 DCBA 10 1.5555408989035304e-06
110 lkji 10 1.5555408989035304e-06
111 bcdef 10 1.5555408989035304e-06
112 MNO 9 1.3999868090131773e-06
113 LMN 9 1.3999868090131773e-06
114 ONM 8 1.2444327191228243e-06
115 FED 8 1.2444327191228243e-06
116 CDEF 8 1.2444327191228243e-06
117 nmlk 8 1.2444327191228243e-06
118 defgh 8 1.2444327191228243e-06
119 uvwxyz 8 1.2444327191228243e-06
120 mnop 8 1.2444327191228243e-06
121 ABCDEFGHI 7 1.0888786292324713e-06
122 ABCDEFGHIJ 7 1.0888786292324713e-06
123 xwv 7 1.0888786292324713e-06
124 gfed 7 1.0888786292324713e-06
125 wvu 7 1.0888786292324713e-06
126 hijkl 7 1.0888786292324713e-06
127 fghi 7 1.0888786292324713e-06
128 KJI 6 9.333245393421182e-07
129 MLK 6 9.333245393421182e-07
130 DCB 6 9.333245393421182e-07
131 jihg 6 9.333245393421182e-07
132 fedc 6 9.333245393421182e-07
133 UTS 5 7.777704494517652e-07
134 ABCDEFGHIJKLMN 5 7.777704494517652e-07
135 zyxwvu 5 7.777704494517652e-07
136 ihgf 5 7.777704494517652e-07
137 mnopq 5 7.777704494517652e-07
138 JKLM 4 6.222163595614122e-07
139 IJK 4 6.222163595614122e-07
140 WXYZ 4 6.222163595614122e-07
141 gfedcba 4 6.222163595614122e-07
142 mlkj 4 6.222163595614122e-07
143 hgfe 4 6.222163595614122e-07
144 edcb 4 6.222163595614122e-07
145 bcdefgh 4 6.222163595614122e-07
146 vwxyz 4 6.222163595614122e-07
147 cdefgh 4 6.222163595614122e-07
148 RQP 3 4.666622696710591e-07
149 TSR 3 4.666622696710591e-07
150 FEDC 3 4.666622696710591e-07
151 PQR 3 4.666622696710591e-07
152 EFGH 3 4.666622696710591e-07
153 HIJKLMN 3 4.666622696710591e-07
154 kjih 3 4.666622696710591e-07
155 ponm 3 4.666622696710591e-07
156 ijklmn 3 4.666622696710591e-07
157 lmno 3 4.666622696710591e-07
158 klmnop 3 4.666622696710591e-07
159 IHG 2 3.111081797807061e-07
160 ZYXW 2 3.111081797807061e-07
161 XWV 2 3.111081797807061e-07
162 GFED 2 3.111081797807061e-07
163 QRS 2 3.111081797807061e-07
164 CDEFG 2 3.111081797807061e-07
165 JKLMN 2 3.111081797807061e-07
166 VWX 2 3.111081797807061e-07
167 ABCDEFGHIJK 2 3.111081797807061e-07
168 hgfedcba 2 3.111081797807061e-07
169 srqp 2 3.111081797807061e-07
170 yxwv 2 3.111081797807061e-07
171 onml 2 3.111081797807061e-07
172 hijklm 2 3.111081797807061e-07
173 defghi 2 3.111081797807061e-07
174 opqr 2 3.111081797807061e-07
175 ghij 2 3.111081797807061e-07
176 lmnopqrst 2 3.111081797807061e-07
177 pqrs 2 3.111081797807061e-07
178 rstuv 2 3.111081797807061e-07
179 NMLKJ 1 1.5555408989035304e-07
180 QPO 1 1.5555408989035304e-07
181 FEDCBA 1 1.5555408989035304e-07
182 SRQ 1 1.5555408989035304e-07
183 ZYXWV 1 1.5555408989035304e-07
184 LKJI 1 1.5555408989035304e-07
185 NMLK 1 1.5555408989035304e-07
186 PONM 1 1.5555408989035304e-07
187 BCDEFGH 1 1.5555408989035304e-07
188 HIJKL 1 1.5555408989035304e-07
189 EFGHIJ 1 1.5555408989035304e-07
190 MNOP 1 1.5555408989035304e-07
191 BCDEF 1 1.5555408989035304e-07
192 BCDE 1 1.5555408989035304e-07
193 DEFG 1 1.5555408989035304e-07
194 HIJK 1 1.5555408989035304e-07
195 OPQRST 1 1.5555408989035304e-07
196 IJKL 1 1.5555408989035304e-07
197 HIJKLMNOPQRST 1 1.5555408989035304e-07
198 zyxwv 1 1.5555408989035304e-07
199 qponml 1 1.5555408989035304e-07
200 ihgfedcba 1 1.5555408989035304e-07
201 tsrq 1 1.5555408989035304e-07
202 qpon 1 1.5555408989035304e-07
203 rqpo 1 1.5555408989035304e-07
204 vuts 1 1.5555408989035304e-07
205 zyxwvuts 1 1.5555408989035304e-07
206 ijklm 1 1.5555408989035304e-07
207 rstuvw 1 1.5555408989035304e-07
208 qrst 1 1.5555408989035304e-07
209 fghijk 1 1.5555408989035304e-07
210 nopq 1 1.5555408989035304e-07
211 jklmno 1 1.5555408989035304e-07
212 ghijk 1 1.5555408989035304e-07
213 bcdefghijk 1 1.5555408989035304e-07
214 pqrstuvwxyz 1 1.5555408989035304e-07
215 bcdefghijklmn 1 1.5555408989035304e-07
216 mnopqr 1 1.5555408989035304e-07
217 fghijkl 1 1.5555408989035304e-07
218 hijklmnopqrst 1 1.5555408989035304e-07
219 hijklmno 1 1.5555408989035304e-07
220 abcdefghijklm 1 1.5555408989035304e-07
221 qrstuvwx 1 1.5555408989035304e-07
222 lmnop 1 1.5555408989035304e-07
223 jklmnopq 1 1.5555408989035304e-07
224 bcdefghijkl 1 1.5555408989035304e-07
225 nopqrst 1 1.5555408989035304e-07
226 stuv 1 1.5555408989035304e-07
227 bcdefghi 1 1.5555408989035304e-07
228 uvwxy 1 1.5555408989035304e-07
229 hijklmnop 1 1.5555408989035304e-07
230 jklmnop 1 1.5555408989035304e-07
231 klmnopqr 1 1.5555408989035304e-07
232 efghijklmnop 1 1.5555408989035304e-07
233 efghij 1 1.5555408989035304e-07
234 vwxy 1 1.5555408989035304e-07
