Number-Keywords-Quantity-Percentage
# first keyboard line
1 123 11293 0.024903796323861818
2 123456 2375 0.005237449417264839
3 1234 2273 0.005012514747554938
4 12345 918 0.0020244120273891037
5 321 892 0.0019670757390316783
6 987 825 0.0018193245344183123
7 456 471 0.0010386689160133639
8 789 456 0.001005590288114849
9 234 422 0.0009306120648782155
10 123456789 337 0.0007431665067866318
11 12345678 321 0.000707882637028216
12 345 271 0.0005976205440331668
13 098 267 0.0005887995765935629
14 890 259 0.000571157641714355
15 1234567 257 0.000566747157994553
16 678 237 0.0005226423207965334
17 567 226 0.0004983846603376225
18 432 210 0.0004631007905792068
19 654 208 0.0004586903068594048
20 765 162 0.0003572491813039595
21 543 150 0.0003307862789851477
22 876 125 0.0002756552324876231
23 4321 120 0.00026462902318811815
24 654321 118 0.0002602185394683162
25 !@# 89 0.00019626652553118764
26 54321 72 0.00015877741391287088
27 1234567890 59 0.0001301092697341581
28 2345 52 0.0001146725767148512
29 0987 51 0.00011246733485495021
30 4567 44 9.703064183564332e-05
31 9876 40 8.820967439603939e-05
32 3456 40 8.820967439603939e-05
33 5678 38 8.379919067623742e-05
34 6789 35 7.718346509653446e-05
35 7890 34 7.497822323663348e-05
36 987654321 33 7.27729813767325e-05
37 987654 24 5.292580463762363e-05
38 8765 22 4.851532091782166e-05
39 6543 21 4.631007905792068e-05
40 !@#$ 19 4.189959533811871e-05
41 87654321 19 4.189959533811871e-05
42 456789 16 3.5283869758415755e-05
43 23456 15 3.307862789851477e-05
44 7654 13 2.86681441787128e-05
45 098765 13 2.86681441787128e-05
46 234567 12 2.6462902318811816e-05
47 45678 12 2.6462902318811816e-05
48 #@! 10 2.2052418599009847e-05
49 5432 10 2.2052418599009847e-05
50 56789 10 2.2052418599009847e-05
51 567890 9 1.984717673910886e-05
52 98765 8 1.7641934879207878e-05
53 09876 7 1.543669301930689e-05
54 0987654321 7 1.543669301930689e-05
55 98765432 6 1.3231451159405908e-05
56 7654321 6 1.3231451159405908e-05
57 %^& 5 1.1026209299504923e-05
58 #$% 5 1.1026209299504923e-05
59 !@#$% 5 1.1026209299504923e-05
60 @#$ 4 8.820967439603939e-06
61 $%^ 4 8.820967439603939e-06
62 -09 4 8.820967439603939e-06
63 23456789 4 8.820967439603939e-06
64 67890 4 8.820967439603939e-06
65 !@#$%^& 3 6.615725579702954e-06
66 09876543 3 6.615725579702954e-06
67 65432 3 6.615725579702954e-06
68 34567 3 6.615725579702954e-06
69 1234567890-= 3 6.615725579702954e-06
70 2345678 3 6.615725579702954e-06
71 9876543 2 4.410483719801969e-06
72 87654 2 4.410483719801969e-06
73 765432 2 4.410483719801969e-06
74 34567890 2 4.410483719801969e-06
75 345678 2 4.410483719801969e-06
76 ^%$#@!~ 1 2.2052418599009847e-06
77 %$# 1 2.2052418599009847e-06
78 $#@ 1 2.2052418599009847e-06
79 @!~ 1 2.2052418599009847e-06
80 ^%$ 1 2.2052418599009847e-06
81 ~!@ 1 2.2052418599009847e-06
82 @#$% 1 2.2052418599009847e-06
83 *() 1 2.2052418599009847e-06
84 876543 1 2.2052418599009847e-06
85 8765432 1 2.2052418599009847e-06
86 =-09 1 2.2052418599009847e-06
87 90-= 1 2.2052418599009847e-06
88 `123 1 2.2052418599009847e-06
89 3456789 1 2.2052418599009847e-06
90 `12345 1 2.2052418599009847e-06

# second keyboard line
1 tre 1203 0.0026529059574608846
2 ert 1152 0.002540438622605934
3 wer 883 0.0019472285622925693
4 rew 614 0.0013540185019792045
5 qwerty 480 0.0010585160927524726
6 rty 339 0.0007475769905064338
7 qwe 294 0.0006483411068108895
8 poi 161 0.00035504393944405855
9 qwer 125 0.0002756552324876231
10 erty 121 0.00026683426504801915
11 iop 57 0.00012569878601435613
12 qwert 55 0.00012128830229455416
13 ytr 47 0.00010364636741534628
14 qwertyuiop 45 9.92358836955443e-05
15 wert 33 7.27729813767325e-05
16 tyu 30 6.615725579702954e-05
17 werty 27 5.9541530217326585e-05
18 qwertyui 24 5.292580463762363e-05
19 uio 22 4.851532091782166e-05
20 ewq 20 4.4104837198019694e-05
21 ytre 20 4.4104837198019694e-05
22 ERT 17 3.748911161831674e-05
23 rewq 16 3.5283869758415755e-05
24 uyt 15 3.307862789851477e-05
25 poiu 14 3.087338603861378e-05
26 oiu 13 2.86681441787128e-05
27 QWE 12 2.6462902318811816e-05
28 poiuyt 10 2.2052418599009847e-05
29 TRE 9 1.984717673910886e-05
30 iuy 9 1.984717673910886e-05
31 qwertyu 9 1.984717673910886e-05
32 yui 8 1.7641934879207878e-05
33 ytrewq 7 1.543669301930689e-05
34 wertyu 7 1.543669301930689e-05
35 WER 6 1.3231451159405908e-05
36 poiuy 6 1.3231451159405908e-05
37 QWERTY 5 1.1026209299504923e-05
38 QWER 5 1.1026209299504923e-05
39 trew 5 1.1026209299504923e-05
40 uiop 5 1.1026209299504923e-05
41 REW 4 8.820967439603939e-06
42 poiuytrewq 4 8.820967439603939e-06
43 trewq 4 8.820967439603939e-06
44 tyui 4 8.820967439603939e-06
45 POI 3 6.615725579702954e-06
46 ERTY 3 6.615725579702954e-06
47 oiuy 3 6.615725579702954e-06
48 qwertyuio 3 6.615725579702954e-06
49 QWERT 2 4.410483719801969e-06
50 TYU 2 4.410483719801969e-06
51 RTY 2 4.410483719801969e-06
52 uytr 2 4.410483719801969e-06
53 yuio 2 4.410483719801969e-06
54 YTR 1 2.2052418599009847e-06
55 POIUYTR 1 2.2052418599009847e-06
56 REWQ 1 2.2052418599009847e-06
57 QWERTYUIOP 1 2.2052418599009847e-06
58 poiuytr 1 2.2052418599009847e-06
59 iuytrewq 1 2.2052418599009847e-06
60 uytrewq 1 2.2052418599009847e-06
61 oiuytrewq 1 2.2052418599009847e-06
62 poiuytre 1 2.2052418599009847e-06
63 oiuyt 1 2.2052418599009847e-06
64 yuiop 1 2.2052418599009847e-06
65 tyuio 1 2.2052418599009847e-06
66 rtyu 1 2.2052418599009847e-06
67 ertyuiop 1 2.2052418599009847e-06
68 op[] 1 2.2052418599009847e-06
69 tyuiop 1 2.2052418599009847e-06
70 rtyuiop[ 1 2.2052418599009847e-06
71 iop[] 1 2.2052418599009847e-06
72 ertyui 1 2.2052418599009847e-06
73 wertyuiop 1 2.2052418599009847e-06

# third keyboard line
1 asd 281 0.0006196729626321767
2 asdf 240 0.0005292580463762363
3 dsa 164 0.0003616596650237615
4 fgh 60 0.00013231451159405908
5 asdfgh 54 0.00011908306043465317
6 asdfghjkl 47 0.00010364636741534628
7 jkl 47 0.00010364636741534628
8 lkj 41 9.041491625594037e-05
9 sdf 40 8.820967439603939e-05
10 gfd 27 5.9541530217326585e-05
11 asdfg 26 5.73362883574256e-05
12 ghj 18 3.969435347821772e-05
13 kjh 15 3.307862789851477e-05
14 fdsa 15 3.307862789851477e-05
15 hjk 15 3.307862789851477e-05
16 asdfghjk 15 3.307862789851477e-05
17 dfg 15 3.307862789851477e-05
18 hgf 12 2.6462902318811816e-05
19 fds 10 2.2052418599009847e-05
20 asdfghj 10 2.2052418599009847e-05
21 ASD 8 1.7641934879207878e-05
22 jhg 8 1.7641934879207878e-05
23 sdfg 7 1.543669301930689e-05
24 FGH 6 1.3231451159405908e-05
25 lkjhgf 6 1.3231451159405908e-05
26 ;lkj 6 1.3231451159405908e-05
27 LKJ 5 1.1026209299504923e-05
28 lkjhg 5 1.1026209299504923e-05
29 ghjkl 4 8.820967439603939e-06
30 DSA 3 6.615725579702954e-06
31 ASDF 3 6.615725579702954e-06
32 JKL 3 6.615725579702954e-06
33 lkjh 3 6.615725579702954e-06
34 gfdsa 3 6.615725579702954e-06
35 dfgh 3 6.615725579702954e-06
36 hgfdsa 2 4.410483719801969e-06
37 lkjhgfdsa 2 4.410483719801969e-06
38 sdfghjkl 2 4.410483719801969e-06
39 fghjkl 2 4.410483719801969e-06
40 JHG 1 2.2052418599009847e-06
41 ASDFG 1 2.2052418599009847e-06
42 GHJ 1 2.2052418599009847e-06
43 ASDFGH 1 2.2052418599009847e-06
44 lkjhgfds 1 2.2052418599009847e-06
45 kjhg 1 2.2052418599009847e-06
46 jhgfdsa 1 2.2052418599009847e-06
47 gfds 1 2.2052418599009847e-06
48 jhgf 1 2.2052418599009847e-06
49 asdfghjkl; 1 2.2052418599009847e-06
50 hjkl 1 2.2052418599009847e-06
51 ghjk 1 2.2052418599009847e-06

# fourth keyboard line
1 zxc 99 0.00021831894413019748
2 zxcvbnm 57 0.00012569878601435613
3 mnb 32 7.056773951683151e-05
4 zxcvbn 29 6.395201393712855e-05
5 zxcv 23 5.0720562777722646e-05
6 mnbvcxz 22 4.851532091782166e-05
7 bnm 18 3.969435347821772e-05
8 xcv 11 2.425766045891083e-05
9 nbv 10 2.2052418599009847e-05
10 zxcvb 9 1.984717673910886e-05
11 bvc 8 1.7641934879207878e-05
12 cxz 8 1.7641934879207878e-05
13 cvb 7 1.543669301930689e-05
14 vbn 6 1.3231451159405908e-05
15 vcx 5 1.1026209299504923e-05
16 vcxz 4 8.820967439603939e-06
17 xcvbnm 4 8.820967439603939e-06
18 mnbvc 3 6.615725579702954e-06
19 mnbvcx 3 6.615725579702954e-06
20 nbvcxz 3 6.615725579702954e-06
21 ZXC 2 4.410483719801969e-06
22 ZXCVBNM 2 4.410483719801969e-06
23 BNM 2 4.410483719801969e-06
24 mnbv 2 4.410483719801969e-06
25 cvbn 2 4.410483719801969e-06
26 vbnm 2 4.410483719801969e-06
27 zxcvbnm, 2 4.410483719801969e-06
28 xcvb 2 4.410483719801969e-06
29 VCXZ 1 2.2052418599009847e-06
30 MNBVCXZ 1 2.2052418599009847e-06
31 XCV 1 2.2052418599009847e-06
32 ZXCV 1 2.2052418599009847e-06
33 ZXCVB 1 2.2052418599009847e-06
34 VBNM 1 2.2052418599009847e-06
35 bvcxz 1 2.2052418599009847e-06
36 /., 1 2.2052418599009847e-06
37 xcvbn 1 2.2052418599009847e-06
38 ,./ 1 2.2052418599009847e-06

# left little finger
1 qaz 251 0.0005535157068351471
2 1qaz 153 0.00033740200456485066
3 zaq1 57 0.00012569878601435613
4 aq1 37 8.159394881633643e-05
5 zaq 17 3.748911161831674e-05
6 !QAZ 14 3.087338603861378e-05
7 1qa 14 3.087338603861378e-05
8 QAZ 12 2.6462902318811816e-05
9 ZAQ 7 1.543669301930689e-05
10 ZAQ! 6 1.3231451159405908e-05
11 AQ! 1 2.2052418599009847e-06
12 !QA 1 2.2052418599009847e-06

# left ring finger
1 wsx 145 0.00031976006968564277
2 2wsx 114 0.00025139757202871226
3 xsw 63 0.00013893023717376202
4 xsw2 47 0.00010364636741534628
5 sw2 26 5.73362883574256e-05
6 2ws 9 1.984717673910886e-05
7 WSX 7 1.543669301930689e-05
8 XSW@ 6 1.3231451159405908e-05
9 SW@ 3 6.615725579702954e-06
10 @WSX 3 6.615725579702954e-06
11 XSW 1 2.2052418599009847e-06

# left middle finger
1 edc 297 0.0006549568323905925
2 cde 157 0.0003462229720044546
3 de3 71 0.0001565721720529699
4 3edc 28 6.174677207722756e-05
5 3ed 16 3.5283869758415755e-05
6 CDE 8 1.7641934879207878e-05
7 cde3 8 1.7641934879207878e-05
8 EDC 4 8.820967439603939e-06
9 #EDC 2 4.410483719801969e-06
10 CDE# 1 2.2052418599009847e-06

# left index finger
1 rfv 22 4.851532091782166e-05
2 bgt 19 4.189959533811871e-05
3 tgb 19 4.189959533811871e-05
4 4rfv 10 2.2052418599009847e-05
5 gt5 8 1.7641934879207878e-05
6 5tgb 7 1.543669301930689e-05
7 bgt5 6 1.3231451159405908e-05
8 fr4 6 1.3231451159405908e-05
9 4rf 6 1.3231451159405908e-05
10 5tg 6 1.3231451159405908e-05
11 vfr 4 8.820967439603939e-06
12 vfr4 4 8.820967439603939e-06
13 5vf 2 4.410483719801969e-06
14 %TGB 1 2.2052418599009847e-06
15 TGB 1 2.2052418599009847e-06
16 $RFV 1 2.2052418599009847e-06
17 t5v 1 2.2052418599009847e-06
18 4rfv5tgb 1 2.2052418599009847e-06
19 v5t 1 2.2052418599009847e-06
20 fv5 1 2.2052418599009847e-06

# right index finger
1 nhy 21 4.631007905792068e-05
2 hy6 19 4.189959533811871e-05
3 hn7 17 3.748911161831674e-05
4 mju 11 2.425766045891083e-05
5 yhn 10 2.2052418599009847e-05
6 ju7 9 1.984717673910886e-05
7 6yh 9 1.984717673910886e-05
8 7nh 7 1.543669301930689e-05
9 ujm 6 1.3231451159405908e-05
10 7uj 5 1.1026209299504923e-05
11 6yhn 4 8.820967439603939e-06
12 nhy6 3 6.615725579702954e-06
13 7ujm 3 6.615725579702954e-06
14 mju7 2 4.410483719801969e-06
15 MJU& 1 2.2052418599009847e-06
16 UJM 1 2.2052418599009847e-06
17 HN& 1 2.2052418599009847e-06
18 u7n 1 2.2052418599009847e-06
19 6yhn7ujm 1 2.2052418599009847e-06
20 n7u 1 2.2052418599009847e-06

# right middle finger
1 ki8 27 5.9541530217326585e-05
2 8ik 9 1.984717673910886e-05
3 8ik, 1 2.2052418599009847e-06

# right ring finger
1 lo9 35 7.718346509653446e-05
2 9ol 5 1.1026209299504923e-05
3 .lo 2 4.410483719801969e-06
4 ol. 1 2.2052418599009847e-06

# right little finger
1 p;/ 1 2.2052418599009847e-06

# little keyboard
1 963 376 0.0008291709393227702
2 369 376 0.0008291709393227702
3 258 356 0.0007850661021247506
4 520 350 0.0007718346509653447
5 147 350 0.0007718346509653447
6 410 266 0.0005865943347336619
7 852 264 0.00058218385101386
8 025 253 0.0005579261905549491
9 014 250 0.0005513104649752462
10 741 165 0.00036386490688366244
11 0147 82 0.00018082983251188075
12 7410 31 6.836249765693052e-05
13 8520 28 6.174677207722756e-05
14 0258 22 4.851532091782166e-05
15 .36 1 2.2052418599009847e-06

# 26 English characters
1 stu 622 0.0013716604368584125
2 abc 608 0.0013407870508197986
3 rst 370 0.0008159394881633643
4 pon 349 0.0007696294091054436
5 edc 324 0.000714498362607919
6 onm 192 0.00042340643710098906
7 abcd 173 0.00038150684176287033
8 uts 164 0.0003616596650237615
9 fgh 160 0.00035283869758415755
10 def 133 0.00029329716736683093
11 nop 119 0.00026242378132821715
12 jkl 71 0.0001565721720529699
13 xyz 68 0.00014995644647326697
14 ghi 64 0.00014113547903366302
15 lkj 62 0.00013672499531386105
16 fed 54 0.00011908306043465317
17 cde 48 0.00010585160927524727
18 mno 46 0.00010144112555544529
19 tsr 45 9.92358836955443e-05
20 cba 44 9.703064183564332e-05
21 hij 40 8.820967439603939e-05
22 ABC 36 7.938870695643544e-05
23 abcdef 36 7.938870695643544e-05
24 abcdefg 33 7.27729813767325e-05
25 klm 23 5.0720562777722646e-05
26 dcb 21 4.631007905792068e-05
27 jih 21 4.631007905792068e-05
28 abcdefgh 21 4.631007905792068e-05
29 kji 20 4.4104837198019694e-05
30 lmn 19 4.189959533811871e-05
31 abcde 18 3.969435347821772e-05
32 gfe 17 3.748911161831674e-05
33 ijk 17 3.748911161831674e-05
34 hgf 16 3.5283869758415755e-05
35 tuv 14 3.087338603861378e-05
36 uvw 13 2.86681441787128e-05
37 bcd 11 2.425766045891083e-05
38 mlk 9 1.984717673910886e-05
39 qrs 9 1.984717673910886e-05
40 efg 9 1.984717673910886e-05
41 vut 8 1.7641934879207878e-05
42 rstu 8 1.7641934879207878e-05
43 STU 7 1.543669301930689e-05
44 lmno 7 1.543669301930689e-05
45 EDC 6 1.3231451159405908e-05
46 yxw 6 1.3231451159405908e-05
47 srq 6 1.3231451159405908e-05
48 LKJ 5 1.1026209299504923e-05
49 wvu 5 1.1026209299504923e-05
50 nml 5 1.1026209299504923e-05
51 ihg 5 1.1026209299504923e-05
52 qpo 5 1.1026209299504923e-05
53 vwx 5 1.1026209299504923e-05
54 opq 5 1.1026209299504923e-05
55 pqr 5 1.1026209299504923e-05
56 qrst 4 8.820967439603939e-06
57 lmnop 4 8.820967439603939e-06
58 UTS 3 6.615725579702954e-06
59 LMN 3 6.615725579702954e-06
60 ABCD 3 6.615725579702954e-06
61 ABCDEFGH 3 6.615725579702954e-06
62 xwv 3 6.615725579702954e-06
63 ponm 3 6.615725579702954e-06
64 wxy 3 6.615725579702954e-06
65 mnop 3 6.615725579702954e-06
66 ONM 2 4.410483719801969e-06
67 SRQ 2 4.410483719801969e-06
68 DEF 2 4.410483719801969e-06
69 CDE 2 4.410483719801969e-06
70 ABCDE 2 4.410483719801969e-06
71 JKL 2 4.410483719801969e-06
72 NOP 2 4.410483719801969e-06
73 dcba 2 4.410483719801969e-06
74 rqp 2 4.410483719801969e-06
75 zyx 2 4.410483719801969e-06
76 ijkl 2 4.410483719801969e-06
77 abcdefghijkl 2 4.410483719801969e-06
78 abcdefghij 2 4.410483719801969e-06
79 defg 2 4.410483719801969e-06
80 abcdefghi 2 4.410483719801969e-06
81 opqr 2 4.410483719801969e-06
82 jklm 2 4.410483719801969e-06
83 CBA 1 2.2052418599009847e-06
84 WVU 1 2.2052418599009847e-06
85 KJI 1 2.2052418599009847e-06
86 JIH 1 2.2052418599009847e-06
87 PON 1 2.2052418599009847e-06
88 NML 1 2.2052418599009847e-06
89 FGHI 1 2.2052418599009847e-06
90 BCD 1 2.2052418599009847e-06
91 ABCDEFGHIJK 1 2.2052418599009847e-06
92 HIJ 1 2.2052418599009847e-06
93 XYZ 1 2.2052418599009847e-06
94 ABCDEFGHI 1 2.2052418599009847e-06
95 JKLM 1 2.2052418599009847e-06
96 RST 1 2.2052418599009847e-06
97 KLM 1 2.2052418599009847e-06
98 FGH 1 2.2052418599009847e-06
99 GHI 1 2.2052418599009847e-06
100 EFG 1 2.2052418599009847e-06
101 mlkj 1 2.2052418599009847e-06
102 vuts 1 2.2052418599009847e-06
103 edcba 1 2.2052418599009847e-06
104 lkji 1 2.2052418599009847e-06
105 onml 1 2.2052418599009847e-06
106 mnopqrs 1 2.2052418599009847e-06
107 efgh 1 2.2052418599009847e-06
108 pqrstu 1 2.2052418599009847e-06
109 cdef 1 2.2052418599009847e-06
110 bcdefg 1 2.2052418599009847e-06
111 wxyz 1 2.2052418599009847e-06
112 uvwx 1 2.2052418599009847e-06
113 hijk 1 2.2052418599009847e-06
114 defghijk 1 2.2052418599009847e-06
115 fghij 1 2.2052418599009847e-06
116 jklmn 1 2.2052418599009847e-06
117 efghi 1 2.2052418599009847e-06
118 stuv 1 2.2052418599009847e-06
119 abcdefghijklmnopqrst 1 2.2052418599009847e-06
